19248248 21821192 335351 80 351 11 Kaarel
19270283 21925469 334096 80 351 11 Kaarel
19309619 22106727 331203 80 351 11 Kaarel
19365614 22365737 325738 80 351 11 Kaarel
19436102 22707235 315586 80 352 11 Kaarel
19508713 23120703 299340 80 355 11 Kaarel
19567051 23587133 278221 80 358 11 Kaarel
19595309 24119818 250007 80 0 11 Kaarel
19578166 24685840 218977 70 4 11 Kaarel
19512256 25290726 185371 70 10 11 Kaarel
19392293 25877820 154131 65 15 11 Kaarel
19226259 26450090 124868 64 19 11 Kaarel
19013393 27031993 97268 63 22 11 Kaarel
18753347 27615333 75418 63 27 11 Kaarel
18461473 28146385 59417 63 32 11 Kaarel
18141934 28622298 48578 63 37 11 Kaarel
17821941 29006175 43198 60 44 11 Kaarel
17483578 29332478 40537 55 49 11 Kaarel
17139747 29599882 37642 55 55 11 Kaarel
16780640 29813199 35964 55 63 11 Kaarel
16400205 29968565 33805 55 72 11 Kaarel
15987159 30061057 33013 55 83 11 Kaarel
15557203 30068770 33026 55 96 11 Kaarel
15125700 29966291 35173 55 112 11 Kaarel
14745431 29749011 35707 55 131 11 Kaarel
14419883 29408185 35328 80 146 11 Kaarel
14149089 28958217 37170 120 156 11 Kaarel
13926150 28424226 38670 120 163 11 Kaarel
13731352 27831075 38177 120 164 11 Kaarel
13541926 27203694 37550 120 165 11 Kaarel
13342121 26532790 37039 120 164 11 Kaarel
13129345 25820998 36488 120 165 11 Kaarel
12907793 25070153 35900 120 165 11 Kaarel
12676211 24288773 37932 120 164 11 Kaarel
12431436 23486057 42590 120 164 11 Kaarel
12176092 22651404 49765 120 165 11 Kaarel
11923506 21782865 59575 120 166 11 Kaarel
11686866 20879245 71627 120 168 11 Kaarel
11473901 19941560 86187 120 170 11 Kaarel
11285708 18972442 102831 120 172 11 Kaarel
11120799 17980514 121197 120 174 11 Kaarel
10979404 16967977 143915 120 175 11 Kaarel
10860233 15930672 172131 120 176 11 Kaarel
10764563 14886553 196346 120 178 11 Kaarel
10692636 13842633 221090 120 179 11 Kaarel
10638902 12812433 241316 120 179 11 Kaarel
10599343 11798341 251138 120 180 11 Kaarel
10576819 10790935 257852 120 181 11 Kaarel
10570716 9762161 270655 120 182 11 Kaarel
10572894 8709204 284308 120 182 11 Kaarel
10582108 7632610 294466 120 183 11 Kaarel
10604038 6533000 301438 120 183 11 Kaarel
10632817 5415280 306682 120 183 11 Kaarel
10659202 4308292 302056 120 183 11 Kaarel
10677101 3216421 291675 120 182 11 Kaarel
10683996 2138602 276654 120 182 11 Kaarel
10685178 1073933 258154 120 182 11 Kaarel
10688778 17503 237455 120 182 11 Kaarel
10701364 -1060546 222389 120 183 11 Kaarel
10720086 -2164856 204812 120 183 11 Kaarel
10741178 -3295229 173333 120 183 11 Kaarel
10762592 -4428258 141582 120 183 11 Kaarel
10784080 -5548432 110176 120 183 11 Kaarel
10808235 -6671054 92236 120 183 11 Kaarel
10834327 -7780610 85675 120 183 11 Kaarel
10861572 -8887995 85325 120 183 11 Kaarel
10887254 -10001039 85076 120 183 11 Kaarel
10904838 -11098018 83989 110 182 11 Kaarel
10916324 -12178949 91045 100 182 11 Kaarel
10932760 -13241636 102918 100 182 11 Kaarel
10947245 -14292575 105860 100 182 11 Kaarel
10963913 -15344614 102033 100 183 11 Kaarel
10985366 -16386286 90466 100 183 11 Kaarel
11016956 -17414442 81709 100 184 11 Kaarel
11063070 -18428728 74340 100 185 11 Kaarel
11124501 -19429002 70223 100 186 11 Kaarel
11201718 -20428109 65583 100 187 11 Kaarel
11295763 -21419338 108843 100 188 11 Kaarel
11406173 -22397740 136899 100 190 11 Kaarel
11541947 -23354586 162341 100 192 11 Kaarel
11707199 -24291047 180109 100 193 11 Kaarel
11879301 -25210808 188595 100 192 11 Kaarel
12034679 -26113902 206266 100 190 11 Kaarel
12171581 -27002559 178087 100 189 11 Kaarel
12291866 -27898931 90306 100 187 11 Kaarel
12379171 -28803844 47964 100 185 11 Kaarel
12432499 -29702030 5387 100 183 11 Kaarel
12460883 -30619270 2109 100 183 11 Kaarel
12482098 -31529862 -11382 100 182 11 Kaarel
12493510 -32427201 -22711 100 182 11 Kaarel
12492584 -33311203 -39759 100 181 11 Kaarel
12479816 -34186150 -54902 100 180 11 Kaarel
12460878 -35085836 -62711 100 181 11 Kaarel
12448246 -36018536 -65752 100 181 11 Kaarel
12445948 -36969692 -63883 100 182 11 Kaarel
12454614 -37934092 -57630 100 182 11 Kaarel
12467907 -38915136 -46245 100 182 11 Kaarel
12483250 -39913854 -30723 100 183 11 Kaarel
12500607 -40905606 -11441 100 183 11 Kaarel
12519874 -41884678 10701 100 183 11 Kaarel
12539302 -42842156 36145 100 183 11 Kaarel
12554676 -43778969 70237 100 182 11 Kaarel
12562455 -44710375 91668 100 182 11 Kaarel
12565259 -45636372 117862 100 181 11 Kaarel
12562505 -46559708 146648 100 181 11 Kaarel
12553581 -47465873 176467 100 181 11 Kaarel
12544392 -48351402 205869 100 181 11 Kaarel
12538565 -49198060 233679 100 181 11 Kaarel
12529137 -50008953 260429 95 180 11 Kaarel
12511004 -50789925 284899 95 179 11 Kaarel
12477889 -51531920 307174 95 177 11 Kaarel
12413631 -52249124 327166 95 173 11 Kaarel
12294959 -52940291 346331 90 167 11 Kaarel
12101357 -53606579 364115 85 159 11 Kaarel
11815906 -54248747 381520 85 152 11 Kaarel
11442176 -54860454 399985 85 143 11 Kaarel
10988430 -55397816 416482 85 133 11 Kaarel
10457801 -55860243 432319 85 127 11 Kaarel
9851237 -56284010 446237 85 122 11 Kaarel
9183262 -56678702 456926 85 119 11 Kaarel
8468217 -57057519 464307 85 118 11 Kaarel
7732839 -57432129 468560 85 117 11 Kaarel
7009035 -57789451 470034 85 117 11 Kaarel
6319331 -58120668 469483 85 116 11 Kaarel
5631742 -58417553 467549 85 110 11 Kaarel
4937278 -58635094 466143 85 101 11 Kaarel
4241125 -58742948 464734 85 91 11 Kaarel
3536541 -58730026 462688 85 82 11 Kaarel
2849467 -58595432 461818 85 70 11 Kaarel
2215895 -58337204 461296 85 58 11 Kaarel
1639360 -57963290 460960 85 49 11 Kaarel
1126956 -57494200 460608 85 41 11 Kaarel
683594 -56943743 461735 85 32 11 Kaarel
328013 -56331176 464461 85 22 11 Kaarel
75516 -55692727 467105 85 16 11 Kaarel
-112911 -55050430 469321 85 15 11 Kaarel
-300162 -54396947 470775 85 17 11 Kaarel
-506561 -53730721 471265 85 18 11 Kaarel
-732788 -53025949 459914 85 18 11 Kaarel
-975271 -52280870 433213 85 18 11 Kaarel
-1223293 -51502036 396046 85 17 11 Kaarel
-1465491 -50720658 357218 85 17 11 Kaarel
-1693896 -49962257 324524 75 16 11 Kaarel
-1892543 -49287856 305689 63 16 11 Kaarel
-2061177 -48713620 300812 55 16 11 Kaarel
-2210987 -48223271 300955 49 17 11 Kaarel
-2358616 -47777680 300885 44 19 11 Kaarel
-2501162 -47389803 301003 39 21 11 Kaarel
-2638671 -47056986 300905 32 23 11 Kaarel
-2766824 -46777485 301057 29 25 11 Kaarel
-2891085 -46513631 301096 28 25 11 Kaarel
-2991395 -46254860 301006 27 18 11 Kaarel
-3037922 -45996731 300922 25 5 11 Kaarel
-3009926 -45752042 300827 24 352 11 Kaarel
-2901921 -45514817 300882 27 333 11 Kaarel
-2714997 -45300544 300820 29 316 11 Kaarel
-2468501 -45130506 300862 31 303 11 Kaarel
-2165187 -44987557 300970 40 295 11 Kaarel
-1809188 -44860788 300996 40 291 11 Kaarel
-1397587 -44732147 300816 60 289 11 Kaarel
-937393 -44598371 300987 120 289 11 Kaarel
-420224 -44449438 300962 120 289 11 Kaarel
147470 -44280962 300932 120 290 11 Kaarel
753085 -44098161 300857 120 290 11 Kaarel
1392035 -43904686 301014 120 290 11 Kaarel
2074087 -43701351 306050 120 289 11 Kaarel
2796257 -43492162 319214 120 289 11 Kaarel
3554332 -43277429 338464 120 288 11 Kaarel
4339328 -43058571 363466 120 288 11 Kaarel
5145049 -42837266 391434 120 288 11 Kaarel
5980179 -42610469 419581 120 288 11 Kaarel
6843462 -42376270 445109 120 288 11 Kaarel
7732824 -42128501 464039 120 289 11 Kaarel
8648276 -41867253 471819 120 289 11 Kaarel
9591652 -41597971 471494 120 289 11 Kaarel
10552732 -41318667 471367 120 289 11 Kaarel
11503031 -41037015 473878 120 289 11 Kaarel
12468273 -40754997 479535 120 289 11 Kaarel
13453145 -40472352 485161 120 289 11 Kaarel
14463380 -40186180 490937 120 288 11 Kaarel
15499578 -39901951 498496 120 288 11 Kaarel
16559476 -39616315 508390 120 288 11 Kaarel
17641053 -39325102 518507 120 288 11 Kaarel
18742369 -39024547 528706 120 288 11 Kaarel
19861952 -38712846 539207 120 288 11 Kaarel
21000952 -38396569 542737 120 288 11 Kaarel
22147781 -38082240 542792 120 288 11 Kaarel
23275852 -37774956 542758 114 288 11 Kaarel
24345643 -37485267 542601 107 288 11 Kaarel
25330633 -37221256 542580 98 288 11 Kaarel
26240477 -36974761 542658 90 289 11 Kaarel
27091115 -36738700 542697 86 288 11 Kaarel
27906348 -36511807 542643 82 289 11 Kaarel
28667229 -36292365 542521 74 290 11 Kaarel
29346690 -36081545 542710 70 291 11 Kaarel
29995622 -35851179 542764 70 295 11 Kaarel
30605103 -35570134 542846 70 304 11 Kaarel
31150838 -35215843 542804 70 314 11 Kaarel
31622758 -34781108 542795 70 323 11 Kaarel
32031915 -34270438 542852 70 331 11 Kaarel
32369892 -33699351 538634 70 338 11 Kaarel
32656019 -33101766 538314 70 339 11 Kaarel
32948495 -32503939 537505 70 335 11 Kaarel
33273799 -31906047 538211 70 333 11 Kaarel
33629438 -31293154 540432 75 332 11 Kaarel
34009983 -30658703 543664 85 332 11 Kaarel
34409841 -29990726 553853 85 333 11 Kaarel
34817652 -29289787 568468 85 334 11 Kaarel
35209700 -28579974 587641 85 336 11 Kaarel
35564604 -27870107 607223 85 339 11 Kaarel
35866225 -27155282 628001 85 344 11 Kaarel
36083266 -26432204 648992 85 354 11 Kaarel
36178648 -25707409 670559 85 0 11 Kaarel
36155404 -24975982 689268 85 8 11 Kaarel
36013873 -24250211 711233 85 19 11 Kaarel
35753217 -23555161 735442 85 27 11 Kaarel
35400395 -22877422 756986 90 30 11 Kaarel
35000032 -22187038 777433 90 31 11 Kaarel
34578566 -21483351 797510 100 31 11 Kaarel
34144756 -20755955 816508 100 30 11 Kaarel
33714717 -19990897 833131 100 27 11 Kaarel
33311997 -19183489 845671 100 24 11 Kaarel
32946111 -18329338 857573 100 20 11 Kaarel
32633130 -17427516 877687 100 15 11 Kaarel
32384612 -16482383 899644 100 11 11 Kaarel
32185284 -15503051 913178 100 9 11 Kaarel
32017277 -14503294 916201 100 8 11 Kaarel
31867413 -13478639 912540 100 7 11 Kaarel
31727722 -12464612 900745 100 7 11 Kaarel
31597065 -11506388 878230 100 8 11 Kaarel
31454864 -10595066 854225 95 10 11 Kaarel
31293951 -9723586 829663 95 10 11 Kaarel
31126191 -8909557 804873 95 13 11 Kaarel
30906775 -8130098 781529 95 21 11 Kaarel
30608873 -7390768 764779 95 26 11 Kaarel
30232543 -6703509 755614 95 35 11 Kaarel
29766764 -6079163 754138 95 43 11 Kaarel
29212712 -5521538 750841 95 52 11 Kaarel
28579166 -5039073 739891 95 59 11 Kaarel
27892916 -4646857 722177 95 67 11 Kaarel
27178948 -4340352 699176 95 71 11 Kaarel
26454785 -4065154 670224 95 69 11 Kaarel
25711944 -3761133 636538 95 66 11 Kaarel
24950745 -3413286 605794 100 64 11 Kaarel
24195863 -3023766 575622 100 60 11 Kaarel
23481443 -2586093 549033 100 54 11 Kaarel
22812158 -2085314 525874 100 49 11 Kaarel
22191309 -1530396 506666 100 44 11 Kaarel
21628243 -935344 482732 100 39 11 Kaarel
21116783 -292336 443929 100 34 11 Kaarel
20646801 407819 392087 100 30 11 Kaarel
20215384 1162598 328994 100 26 11 Kaarel
19839237 1946287 262151 100 21 11 Kaarel
19512362 2746180 199343 100 20 11 Kaarel
19206608 3556415 140245 100 19 11 Kaarel
18927313 4387133 90418 100 16 11 Kaarel
18688994 5223486 55491 100 13 11 Kaarel
18511981 6062234 36855 100 6 11 Kaarel
18423144 6909672 27971 100 0 11 Kaarel
18419648 7777948 30140 100 359 11 Kaarel
18493361 8645253 27625 100 352 11 Kaarel
18655384 9510296 35456 100 350 11 Kaarel
18856675 10387432 51552 91 350 11 Kaarel
19062227 11280692 76257 80 351 11 Kaarel
19240233 12096216 104441 70 352 11 Kaarel
19382232 12797476 131619 60 352 11 Kaarel
19491860 13377769 153739 50 353 11 Kaarel
19582046 13890632 174036 50 354 11 Kaarel
19660530 14383221 191222 50 355 11 Kaarel
19727469 14857709 209825 45 356 11 Kaarel
19777534 15313797 230042 40 359 11 Kaarel
19765028 15751301 246539 40 8 11 Kaarel
19646688 16146732 259030 40 26 11 Kaarel
19429221 16462355 263495 40 45 11 Kaarel
19164749 16694834 263439 40 52 11 Kaarel
18903928 16903043 262964 40 51 11 Kaarel
18673815 17119394 263659 40 43 11 Kaarel
18486199 17384529 267170 40 29 11 Kaarel
18358098 17718221 273057 40 12 11 Kaarel
18335947 18062996 281349 40 360 11 Kaarel
18385547 18394494 290130 40 351 11 Kaarel
18483909 18739720 298893 40 346 11 Kaarel
18597435 19102959 307418 45 347 11 Kaarel
18702120 19477251 315503 55 349 11 Kaarel
18801268 19871812 323460 60 350 11 Kaarel
18897174 20283965 330109 65 351 11 Kaarel
18989754 20698215 335025 70 351 11 Kaarel
19075856 21088744 337666 80 351 11 Kaarel
19156743 21454066 337596 70 351 11 Kaarel
19217568 21731794 335712 60 351 11 Kaarel
3598000000 16576800000 333811 60 351 11 Kaarel
