-12115902 35646295 50 204 24 Kaarel
-12107787 35626076 50 204 24 Kaarel
-12074241 35539568 50 203 24 Kaarel
-12014855 35384480 50 203 24 Kaarel
-11932515 35159749 50 202 24 Kaarel
-11831664 34864298 50 200 24 Kaarel
-11718211 34496719 50 197 24 Kaarel
-11602346 34073663 50 197 24 Kaarel
-11482061 33608708 50 196 24 Kaarel
-11359487 33091361 55 194 24 Kaarel
-11234680 32525315 60 194 24 Kaarel
-11108192 31915855 63 193 24 Kaarel
-10986799 31278571 66 192 24 Kaarel
-10874005 30602320 70 189 24 Kaarel
-10791492 29884815 74 188 24 Kaarel
-10711327 29131222 77 187 24 Kaarel
-10652633 28342724 80 185 24 Kaarel
-10615110 27527085 81 184 24 Kaarel
-10586196 26751054 71 183 24 Kaarel
-10571463 26100916 58 182 24 Kaarel
-10571776 25557452 52 181 24 Kaarel
-10573949 25054526 49 181 24 Kaarel
-10588298 24621380 37 177 24 Kaarel
-10616763 24289618 30 176 24 Kaarel
-10645099 23997302 26 176 24 Kaarel
-10717239 23767688 23 158 24 Kaarel
-10853619 23557192 27 147 24 Kaarel
-11046086 23389200 24 124 24 Kaarel
-11304387 23323581 29 98 24 Kaarel
-11629288 23349213 36 81 24 Kaarel
-12018270 23378465 41 91 24 Kaarel
-12454866 23355147 45 96 24 Kaarel
-12932845 23311468 50 96 24 Kaarel
-13461392 23256194 55 97 24 Kaarel
-14037027 23189908 60 97 24 Kaarel
-14655307 23117381 63 97 24 Kaarel
-15300611 23053695 66 95 24 Kaarel
-15982205 23012857 69 94 24 Kaarel
-16697022 22989637 73 91 24 Kaarel
-17444911 22984468 76 90 24 Kaarel
-18224129 22979777 79 92 24 Kaarel
-19031810 22971738 81 91 24 Kaarel
-19841693 22973506 77 89 24 Kaarel
-20552298 22993733 64 86 24 Kaarel
-21131353 23037234 52 83 24 Kaarel
-21645196 23109921 50 81 24 Kaarel
-22127027 23237783 48 72 24 Kaarel
-22555902 23440751 46 56 24 Kaarel
-22903528 23753192 49 38 24 Kaarel
-23214225 24162603 53 31 24 Kaarel
-23473067 24654404 57 23 24 Kaarel
-23694163 25212044 62 19 24 Kaarel
-23893242 25814922 64 17 24 Kaarel
-24093386 26447616 68 17 24 Kaarel
-24296247 27119888 72 16 24 Kaarel
-24496022 27831116 75 15 24 Kaarel
-24688416 28579728 78 13 24 Kaarel
-24880701 29361971 82 14 24 Kaarel
-25077280 30154902 80 13 24 Kaarel
-25247789 30882535 68 12 24 Kaarel
-25379308 31486779 55 12 24 Kaarel
-25482743 31971089 46 12 24 Kaarel
-25606004 32411220 44 19 24 Kaarel
-25807814 32796759 42 36 24 Kaarel
-26066848 33126111 41 41 24 Kaarel
-26382812 33379207 41 61 24 Kaarel
-26785634 33544385 45 78 24 Kaarel
-27257858 33599732 50 89 24 Kaarel
-27787338 33628026 55 87 24 Kaarel
-28364612 33662231 60 88 24 Kaarel
-28955845 33686807 54 89 24 Kaarel
-29439602 33702078 42 89 24 Kaarel
-29823285 33712202 36 89 24 Kaarel
-30169420 33675072 33 103 24 Kaarel
-30499582 33563621 34 116 24 Kaarel
-30752727 33361014 31 140 24 Kaarel
-30901267 33065849 34 164 24 Kaarel
-30984488 32697019 40 172 24 Kaarel
-31040783 32266992 45 175 24 Kaarel
-31071746 31810211 43 180 24 Kaarel
-31103637 31433598 33 172 24 Kaarel
-31232202 31148315 29 147 24 Kaarel
-31457692 30967743 30 120 24 Kaarel
-31772466 30845826 36 106 24 Kaarel
-32161913 30774015 41 97 24 Kaarel
-32599192 30754416 45 92 24 Kaarel
-33078087 30742958 50 92 24 Kaarel
-33605045 30729129 54 92 24 Kaarel
-34175389 30713851 59 92 24 Kaarel
-34782369 30678772 62 95 24 Kaarel
-35407311 30592945 63 102 24 Kaarel
-36040838 30450541 66 106 24 Kaarel
-36690087 30258195 69 109 24 Kaarel
-37352289 30016119 72 114 24 Kaarel
-38026061 29728451 74 116 24 Kaarel
-38711603 29402387 77 117 24 Kaarel
-39397515 29060524 72 118 24 Kaarel
-39979133 28751795 59 120 24 Kaarel
-40434003 28501129 45 120 24 Kaarel
-40803827 28288693 41 122 24 Kaarel
-41129794 28044809 39 134 24 Kaarel
-41352183 27734479 38 156 24 Kaarel
-41485242 27348027 43 167 24 Kaarel
-41587337 26910976 46 172 24 Kaarel
-41619467 26423424 51 182 24 Kaarel
-41622937 25883658 56 181 24 Kaarel
-41634216 25299370 60 180 24 Kaarel
-41647457 24675413 63 181 24 Kaarel
-41656004 24027508 66 181 24 Kaarel
-41661842 23342843 70 181 24 Kaarel
-41664999 22620456 74 181 24 Kaarel
-41634705 21864793 77 189 24 Kaarel
-41525698 21087387 79 195 24 Kaarel
-41307552 20311091 81 202 24 Kaarel
-41001082 19552584 82 211 24 Kaarel
-40582854 18833464 84 218 24 Kaarel
-40066232 18159540 85 228 24 Kaarel
-39443757 17566106 86 236 24 Kaarel
-38730067 17068381 87 244 24 Kaarel
-37949763 16642692 90 246 24 Kaarel
-37133162 16238719 92 247 24 Kaarel
-36282385 15859530 94 253 24 Kaarel
-35393154 15527623 95 249 24 Kaarel
-34496065 15164419 97 250 24 Kaarel
-33579458 14793778 99 251 24 Kaarel
-32647206 14420402 100 250 24 Kaarel
-31706981 14033904 102 250 24 Kaarel
-30749617 13636810 104 250 24 Kaarel
-29780120 13238803 102 250 24 Kaarel
-28889284 12878099 89 250 24 Kaarel
-28087651 12564704 84 253 24 Kaarel
-27283294 12325338 83 261 24 Kaarel
-26475927 12202043 81 275 24 Kaarel
-25651389 12212816 84 277 24 Kaarel
-24801824 12296279 86 285 24 Kaarel
-23935834 12465085 89 286 24 Kaarel
-23046529 12680439 93 289 24 Kaarel
-22133289 12935673 96 288 24 Kaarel
-21185778 13195422 100 288 24 Kaarel
-20208666 13452636 102 287 24 Kaarel
-19200352 13713265 105 287 24 Kaarel
-18154840 13949686 108 284 24 Kaarel
-17114314 14167649 102 285 24 Kaarel
-16179667 14371575 89 285 24 Kaarel
-15366534 14550821 78 285 24 Kaarel
-14665678 14734145 67 293 24 Kaarel
-14041785 14973772 64 295 24 Kaarel
-13512107 15212081 51 302 24 Kaarel
-13109667 15445175 41 309 24 Kaarel
-12830046 15653264 28 312 24 Kaarel
-12611260 15830789 27 312 24 Kaarel
-12396739 16006149 27 312 24 Kaarel
-12185957 16179349 27 313 24 Kaarel
-11975204 16342781 26 310 24 Kaarel
-11769591 16500119 25 310 24 Kaarel
-11570150 16648724 22 309 24 Kaarel
-11402915 16756372 19 304 24 Kaarel
-11226964 16781660 17 278 24 Kaarel
-11068210 16720826 16 250 24 Kaarel
-10957094 16589001 19 221 24 Kaarel
-10883632 16395577 21 202 24 Kaarel
-10818551 16161103 26 194 24 Kaarel
-10799649 15862348 33 183 24 Kaarel
-10828185 15506818 38 174 24 Kaarel
-10881178 15097394 43 174 24 Kaarel
-10921796 14659171 45 178 24 Kaarel
-10941395 14186558 49 180 24 Kaarel
-10931329 13678211 52 185 24 Kaarel
-10910418 13135718 56 183 24 Kaarel
-10896358 12568302 54 183 24 Kaarel
-10885545 12092528 40 183 24 Kaarel
-10879081 11745019 31 183 24 Kaarel
-10911160 11448236 28 170 24 Kaarel
-11043379 11224584 24 140 24 Kaarel
-11239037 11077109 25 125 24 Kaarel
-11505399 10988439 31 102 24 Kaarel
-11849262 10956208 36 97 24 Kaarel
-12196350 10863731 38 109 24 Kaarel
-12592900 10746749 44 107 24 Kaarel
-13020711 10605385 46 112 24 Kaarel
-13470455 10403832 51 118 24 Kaarel
-13936796 10130142 56 124 24 Kaarel
-14423208 9798893 61 126 24 Kaarel
-14938078 9435041 64 127 24 Kaarel
-15472490 9043278 68 128 24 Kaarel
-16004623 8647606 61 128 24 Kaarel
-16447888 8316354 49 128 24 Kaarel
-16823159 8034295 44 128 24 Kaarel
-17149527 7742973 43 136 24 Kaarel
-17431852 7385565 47 153 24 Kaarel
-17602983 6926374 51 175 24 Kaarel
-17685421 6393689 57 175 24 Kaarel
-17724452 5799500 62 181 24 Kaarel
-17711289 5162762 65 185 24 Kaarel
-17669735 4486365 70 186 24 Kaarel
-17606825 3764167 74 187 24 Kaarel
-17532019 2999433 78 187 24 Kaarel
-17450403 2197643 82 188 24 Kaarel
-17351718 1379728 82 191 24 Kaarel
-17233450 590123 77 191 24 Kaarel
-17085708 -165899 76 197 24 Kaarel
-16879396 -892462 74 201 24 Kaarel
-16590862 -1563343 71 215 24 Kaarel
-16196091 -2151474 71 221 24 Kaarel
-15765771 -2746997 74 219 24 Kaarel
-15292284 -3339963 76 223 24 Kaarel
-14795298 -3921201 77 222 24 Kaarel
-14273892 -4505273 79 226 24 Kaarel
-13712654 -5079175 81 229 24 Kaarel
-13114946 -5643166 83 230 24 Kaarel
-12497222 -6213062 85 230 24 Kaarel
-11864394 -6791135 86 231 24 Kaarel
-11207793 -7371540 88 231 24 Kaarel
-10531966 -7965328 91 231 24 Kaarel
-9851246 -8588351 93 227 24 Kaarel
-9171777 -9248821 96 228 24 Kaarel
-8497949 -9948603 98 224 24 Kaarel
-7825075 -10681412 100 224 24 Kaarel
-7144826 -11427417 101 225 24 Kaarel
-6448318 -12184124 103 225 24 Kaarel
-5732022 -12952053 106 226 24 Kaarel
-4992497 -13726454 108 226 24 Kaarel
-4224520 -14500441 109 228 24 Kaarel
-3414919 -15257357 111 232 24 Kaarel
-2556656 -15985526 113 234 24 Kaarel
-1667546 -16706295 115 233 24 Kaarel
-761906 -17437076 117 234 24 Kaarel
164288 -18170195 118 234 24 Kaarel
1103660 -18912538 120 234 24 Kaarel
2062351 -19653700 121 235 24 Kaarel
3037398 -20397846 123 234 24 Kaarel
4016141 -21161210 124 234 24 Kaarel
5006198 -21933436 126 235 24 Kaarel
6013744 -22705112 127 235 24 Kaarel
7031947 -23483496 128 235 24 Kaarel
8062348 -24262779 129 235 24 Kaarel
9090216 -25047882 127 234 24 Kaarel
10072146 -25800742 118 235 24 Kaarel
10967081 -26485307 107 234 24 Kaarel
11787843 -27123304 99 234 24 Kaarel
12538227 -27709879 91 234 24 Kaarel
13250106 -28263862 87 234 24 Kaarel
13940245 -28799470 87 234 24 Kaarel
14619309 -29337730 85 233 24 Kaarel
15282865 -29867506 85 234 24 Kaarel
15952582 -30385511 84 235 24 Kaarel
16616192 -30900844 83 234 24 Kaarel
17277950 -31411236 84 235 24 Kaarel
17968263 -31920970 87 237 24 Kaarel
18694263 -32427557 89 238 24 Kaarel
19422055 -32926498 87 236 24 Kaarel
20121304 -33430427 83 236 24 Kaarel
20792568 -33914260 82 237 24 Kaarel
21437581 -34367692 75 237 24 Kaarel
22054313 -34773007 70 242 24 Kaarel
22626045 -35111707 61 242 24 Kaarel
23149641 -35391740 58 250 24 Kaarel
23692206 -35579677 55 258 24 Kaarel
24230862 -35669357 53 270 24 Kaarel
24776877 -35677830 56 275 24 Kaarel
25328807 -35587682 54 293 24 Kaarel
25831703 -35360960 56 308 24 Kaarel
26270205 -34995724 58 322 24 Kaarel
26651745 -34526622 62 330 24 Kaarel
26935225 -33972981 62 349 24 Kaarel
27099842 -33361696 64 352 24 Kaarel
27154910 -32727697 63 6 24 Kaarel
27072478 -32082031 66 15 24 Kaarel
26843339 -31453694 67 32 24 Kaarel
26476226 -30869348 70 36 24 Kaarel
26081137 -30260840 74 31 24 Kaarel
25691196 -29608565 77 28 24 Kaarel
25332488 -28904571 80 22 24 Kaarel
25002648 -28157827 82 24 24 Kaarel
24662685 -27392059 85 24 24 Kaarel
24321041 -26594662 88 22 24 Kaarel
23989516 -25762209 90 21 24 Kaarel
23653385 -24903903 93 21 24 Kaarel
23310101 -24027729 94 21 24 Kaarel
22957335 -23173508 91 26 24 Kaarel
22552178 -22369954 89 30 24 Kaarel
22085442 -21595647 91 36 24 Kaarel
21537345 -20850381 93 39 24 Kaarel
20929093 -20122698 96 43 24 Kaarel
20271367 -19410878 96 46 24 Kaarel
19615518 -18742841 90 42 24 Kaarel
19044171 -18134980 78 41 24 Kaarel
18531288 -17565266 75 42 24 Kaarel
18059728 -17000223 73 34 24 Kaarel
17644193 -16382413 75 29 24 Kaarel
17329845 -15707447 74 13 24 Kaarel
17107100 -14989183 75 17 24 Kaarel
16932458 -14294167 66 8 24 Kaarel
16834033 -13693219 54 4 24 Kaarel
16786667 -13190964 46 4 24 Kaarel
16714308 -12745444 44 16 24 Kaarel
16535926 -12357863 41 36 24 Kaarel
16302231 -12042518 33 38 24 Kaarel
16119470 -11816652 27 40 24 Kaarel
15951552 -11609707 26 38 24 Kaarel
15847507 -11387484 23 18 24 Kaarel
15872494 -11173341 21 350 24 Kaarel
15988108 -10950504 28 335 24 Kaarel
16114267 -10662703 34 343 24 Kaarel
16216754 -10298978 41 351 24 Kaarel
16321058 -9876889 45 349 24 Kaarel
16436722 -9415405 50 350 24 Kaarel
16547855 -8900277 55 353 24 Kaarel
16633879 -8332585 59 357 24 Kaarel
16722512 -7721797 63 354 24 Kaarel
16813920 -7083070 66 357 24 Kaarel
16892317 -6407284 69 357 24 Kaarel
16982491 -5694671 73 356 24 Kaarel
17072986 -4945737 77 357 24 Kaarel
17162921 -4162648 80 357 24 Kaarel
17255179 -3351835 82 357 24 Kaarel
17324031 -2518595 85 361 24 Kaarel
17364148 -1654403 87 361 24 Kaarel
17393736 -761189 90 363 24 Kaarel
17400987 159639 93 0 24 Kaarel
17376507 1105520 95 3 24 Kaarel
17314575 2073769 98 6 24 Kaarel
17220765 3062709 100 5 24 Kaarel
17115120 4065888 101 6 24 Kaarel
16992339 5086877 103 8 24 Kaarel
16824038 6123824 106 11 24 Kaarel
16644073 7180724 108 8 24 Kaarel
16457044 8257891 110 12 24 Kaarel
16244855 9351502 112 10 24 Kaarel
16030416 10465595 114 11 24 Kaarel
15799828 11596340 116 12 24 Kaarel
15572889 12746410 118 9 24 Kaarel
15362179 13917557 119 11 24 Kaarel
15139286 15102950 120 11 24 Kaarel
14918086 16243361 109 11 24 Kaarel
14713829 17251726 96 13 24 Kaarel
14508197 18122292 83 16 24 Kaarel
14258824 18904169 81 21 24 Kaarel
13975077 19657847 79 22 24 Kaarel
13653585 20380074 78 29 24 Kaarel
13264598 21068215 80 35 24 Kaarel
12799548 21717536 80 38 24 Kaarel
12311578 22374383 83 34 24 Kaarel
11876806 23095621 85 26 24 Kaarel
11518852 23879754 87 16 24 Kaarel
11256853 24724028 89 12 24 Kaarel
11068072 25615002 92 8 24 Kaarel
10930882 26543371 95 9 24 Kaarel
10767564 27497794 98 11 24 Kaarel
10545235 28468424 100 18 24 Kaarel
10223825 29425956 101 23 24 Kaarel
9824254 30376457 104 25 24 Kaarel
9346018 31313251 106 33 24 Kaarel
8747847 32192133 106 45 24 Kaarel
8006582 32942659 104 59 24 Kaarel
7154122 33529602 102 72 24 Kaarel
6225550 33970856 103 67 24 Kaarel
5258570 34338683 103 74 24 Kaarel
4266045 34664027 105 71 24 Kaarel
3263505 35003052 106 71 24 Kaarel
2249001 35354214 108 72 24 Kaarel
1212472 35695542 110 74 24 Kaarel
151340 36019958 111 73 24 Kaarel
-928067 36350306 113 73 24 Kaarel
-2024830 36687661 115 73 24 Kaarel
-3137666 37033341 117 72 24 Kaarel
-4261739 37399259 119 73 24 Kaarel
-5378970 37750951 111 73 24 Kaarel
-6383712 38063216 98 73 24 Kaarel
-7260568 38336711 85 73 24 Kaarel
-8021636 38573632 77 73 24 Kaarel
-8763189 38802986 78 73 24 Kaarel
-9504521 39006785 72 81 24 Kaarel
-10156860 39123658 62 89 24 Kaarel
-10745514 39139960 55 96 24 Kaarel
-11281851 39067987 53 101 24 Kaarel
-11783851 38931593 50 113 24 Kaarel
-12203150 38684283 50 133 24 Kaarel
-12508767 38347893 50 149 24 Kaarel
-12672936 37964336 50 170 24 Kaarel
-12694268 37582464 50 187 24 Kaarel
-12641074 37215205 50 195 24 Kaarel
-12530818 36872117 50 201 24 Kaarel
-12413577 36531341 50 200 24 Kaarel
-12308257 36201708 50 200 24 Kaarel
-12199679 35891749 50 202 24 Kaarel
-12089872 35599307 50 203 24 Kaarel
-11989137 35325300 50 202 24 Kaarel
-11923175 35134824 50 200 24 Kaarel
-11891465 35039441 50 200 24 Kaarel
-11881430 35009347 50 200 24 Kaarel
99999999999999999999999 35009347 50 200 24 Kaarel